%YAML:1.0
---
camera_matrix: !!opencv-matrix
   rows: 3
   cols: 3
   dt: d
   data: [ 9.6295303499995305e+02, 0., 6.9375168984845720e+02, 0.,
       9.7621011467416645e+02, 3.7190603786248221e+02, 0., 0., 1. ]
dist_coeff: !!opencv-matrix
   rows: 1
   cols: 5
   dt: d
   data: [ -6.1578374953893888e-01, 2.2146434605563345e+00,
       -1.0790858840819545e-02, -2.8859035362220356e-02,
       -3.7617040566421140e+00 ]
